0000000000000000000000000000000000000000000000000
0000000000000000000000000000000000000000000000000
0000000000000000000000000000000000000000000000000
0000000000000000010000000000111110000000000000000
0000000000000000010000000000000010000000000000000
0000000000000000010000000000000010000000000000000
0000000000000000010000000000000010000000000000000
0000000000000000010000000000000010000000000000000
000000000000000001000000000000001s0000000000000000
0000000000000000010000000000000000000000000000000
0000000000000000010000000000000000000000000000000
0000000000000000010000000000000000000000000000000
0000000000000000010000000000000000000000000000000
0000000000000000011111111111111111000000000000000
0000000000000000000000000000000000000000000000000
0000000000000000000000000000000000000000000000000
0000000000000000000000000000000000000000000000000
0000000000000000000000000000000000000000000000000
0000000000000000000000000000000000000000000000000
0000000000000000000000000000000000000000000000000
0000000000000000000000000000000000000000000000000
0000000000000000000000000000000000000000000000000
0000000000000000000000000000000000000000000000000
0000000000000000000000000000000000000000000000000
0000000000000000000000000000000000000000000000000
